1.000000e+00 -1.822835e-10 5.241111e-10 5.551115e-17 -1.822835e-10 9.999999e-01 -5.072855e-10 -1.110223e-16 5.241111e-10 -5.072855e-10 9.999999e-01 2.220446e-16
9.999987e-01 6.739673e-04 1.486106e-03 -1.098884e-02 -6.677688e-04 9.999910e-01 -4.167752e-03 -1.686991e-02 -1.488901e-03 4.166754e-03 9.999901e-01 9.299023e-01
9.999969e-01 -1.366856e-03 2.078461e-03 -1.681100e-02 1.377635e-03 9.999855e-01 -5.193544e-03 -3.208696e-02 -2.071331e-03 5.196391e-03 9.999843e-01 1.858710e+00
9.999934e-01 -2.955380e-03 2.112218e-03 -3.211541e-02 2.956485e-03 9.999954e-01 -5.203517e-04 -6.484451e-02 -2.110670e-03 5.265920e-04 9.999976e-01 2.885375e+00
9.999893e-01 -4.416739e-03 1.353475e-03 -4.552645e-02 4.408943e-03 9.999739e-01 5.709638e-03 -9.573761e-02 -1.378657e-03 -5.703611e-03 9.999827e-01 3.815296e+00
9.999620e-01 -8.719574e-03 2.042576e-05 -5.402849e-02 8.719366e-03 9.999497e-01 4.944996e-03 -1.222824e-01 -6.354197e-05 -4.944631e-03 9.999877e-01 4.733695e+00
9.999323e-01 -1.158540e-02 -1.085646e-03 -6.635110e-02 1.158720e-02 9.999314e-01 1.668531e-03 -1.464643e-01 1.066242e-03 -1.680998e-03 9.999980e-01 5.734438e+00
9.999247e-01 -1.213622e-02 -1.850591e-03 -7.712948e-02 1.213383e-02 9.999255e-01 -1.297873e-03 -1.551374e-01 1.866206e-03 1.275320e-03 9.999974e-01 6.637307e+00
9.999301e-01 -1.152902e-02 -2.625188e-03 -9.108553e-02 1.152371e-02 9.999315e-01 -2.029414e-03 -1.694368e-01 2.648407e-03 1.999019e-03 9.999944e-01 7.539766e+00
9.999346e-01 -1.084626e-02 -3.633657e-03 -1.042427e-01 1.084796e-02 9.999410e-01 4.478133e-04 -1.816435e-01 3.628587e-03 -4.872028e-04 9.999932e-01 8.529942e+00
9.999327e-01 -1.076883e-02 -4.319131e-03 -1.169841e-01 1.078301e-02 9.999364e-01 3.275107e-03 -1.890957e-01 4.283589e-03 -3.321461e-03 9.999852e-01 9.428028e+00
9.999268e-01 -1.087506e-02 -5.304595e-03 -1.303098e-01 1.089930e-02 9.999301e-01 4.563513e-03 -1.941783e-01 5.254597e-03 -4.620997e-03 9.999755e-01 1.032139e+01
9.999045e-01 -1.248359e-02 -5.936961e-03 -1.457355e-01 1.251475e-02 9.999079e-01 5.241083e-03 -2.028143e-01 5.870988e-03 -5.314883e-03 9.999686e-01 1.130041e+01
9.998962e-01 -1.265075e-02 -6.896302e-03 -1.587559e-01 1.268628e-02 9.999063e-01 5.132941e-03 -2.189458e-01 6.830722e-03 -5.219898e-03 9.999630e-01 1.218450e+01
9.998889e-01 -1.287539e-02 -7.516591e-03 -1.730086e-01 1.290292e-02 9.999101e-01 3.625715e-03 -2.383742e-01 7.469235e-03 -3.722300e-03 9.999651e-01 1.306511e+01
9.998681e-01 -1.342366e-02 -9.141423e-03 -1.898901e-01 1.343604e-02 9.999088e-01 1.293845e-03 -2.647791e-01 9.123224e-03 -1.416500e-03 9.999573e-01 1.402997e+01
9.998359e-01 -1.470990e-02 -1.057546e-02 -2.040821e-01 1.471124e-02 9.998917e-01 4.900046e-05 -2.804056e-01 1.057360e-02 -2.045717e-04 9.999440e-01 1.490428e+01
9.998220e-01 -1.439603e-02 -1.219481e-02 -2.214540e-01 1.439123e-02 9.998962e-01 -4.814506e-04 -2.894991e-01 1.220048e-02 3.058655e-04 9.999255e-01 1.577605e+01
9.998208e-01 -1.302497e-02 -1.374159e-02 -2.428371e-01 1.300657e-02 9.999143e-01 -1.427575e-03 -2.985101e-01 1.375901e-02 1.248587e-03 9.999045e-01 1.672914e+01
9.998138e-01 -1.161200e-02 -1.541094e-02 -2.607825e-01 1.159025e-02 9.999316e-01 -1.499822e-03 -3.035186e-01 1.542731e-02 1.320925e-03 9.998801e-01 1.759224e+01
9.997826e-01 -1.218170e-02 -1.692526e-02 -2.786126e-01 1.217333e-02 9.999256e-01 -5.970706e-04 -3.096268e-01 1.693128e-02 3.909029e-04 9.998565e-01 1.845372e+01
9.997655e-01 -1.149764e-02 -1.835357e-02 -3.009881e-01 1.151516e-02 9.999333e-01 8.490058e-04 -3.199940e-01 1.834259e-02 -1.060152e-03 9.998311e-01 1.939726e+01
9.997397e-01 -1.132612e-02 -1.980415e-02 -3.215164e-01 1.135155e-02 9.999348e-01 1.172063e-03 -3.299360e-01 1.978958e-02 -1.396567e-03 9.998031e-01 2.024859e+01
9.996913e-01 -1.247431e-02 -2.148954e-02 -3.402228e-01 1.250138e-02 9.999211e-01 1.125898e-03 -3.286368e-01 2.147381e-02 -1.394201e-03 9.997684e-01 2.109460e+01
9.996508e-01 -1.270173e-02 -2.317214e-02 -3.600085e-01 1.271598e-02 9.999190e-01 4.680085e-04 -3.272970e-01 2.316433e-02 -7.625028e-04 9.997313e-01 2.201810e+01
9.996283e-01 -1.263113e-02 -2.416145e-02 -3.804258e-01 1.265624e-02 9.999194e-01 8.863367e-04 -3.243806e-01 2.414831e-02 -1.191801e-03 9.997076e-01 2.285166e+01
9.996032e-01 -1.244026e-02 -2.527174e-02 -4.028175e-01 1.252016e-02 9.999170e-01 3.005606e-03 -3.232882e-01 2.523226e-02 -3.320821e-03 9.996760e-01 2.376168e+01
9.995671e-01 -1.364900e-02 -2.606390e-02 -4.210290e-01 1.380276e-02 9.998882e-01 5.728741e-03 -3.217321e-01 2.598280e-02 -6.086017e-03 9.996438e-01 2.458143e+01
9.995541e-01 -1.329774e-02 -2.673526e-02 -4.368703e-01 1.349207e-02 9.998837e-01 7.101650e-03 -3.138794e-01 2.663772e-02 -7.459199e-03 9.996173e-01 2.538897e+01
9.995390e-01 -1.277703e-02 -2.754195e-02 -4.579431e-01 1.294047e-02 9.998996e-01 5.764373e-03 -3.069156e-01 2.746554e-02 -6.118123e-03 9.996040e-01 2.626437e+01
9.995350e-01 -1.144001e-02 -2.826434e-02 -4.791541e-01 1.153271e-02 9.999286e-01 3.119107e-03 -3.016429e-01 2.822664e-02 -3.443623e-03 9.995956e-01 2.704698e+01
9.995191e-01 -1.095233e-02 -2.901130e-02 -5.013728e-01 1.100136e-02 9.999382e-01 1.530916e-03 -3.021584e-01 2.899275e-02 -1.849345e-03 9.995778e-01 2.782082e+01
9.994968e-01 -1.022465e-02 -3.002699e-02 -5.262700e-01 1.026046e-02 9.999467e-01 1.038787e-03 -3.076306e-01 3.001477e-02 -1.346356e-03 9.995485e-01 2.866259e+01
9.994529e-01 -1.043577e-02 -3.138466e-02 -5.487329e-01 1.046104e-02 9.999450e-01 6.411635e-04 -3.124881e-01 3.137625e-02 -9.691302e-04 9.995071e-01 2.941886e+01
9.993977e-01 -1.013036e-02 -3.319237e-02 -5.716806e-01 1.013682e-02 9.999485e-01 2.619297e-05 -3.125578e-01 3.319040e-02 -3.626433e-04 9.994489e-01 3.016737e+01
9.993301e-01 -1.016050e-02 -3.515855e-02 -5.962034e-01 1.015491e-02 9.999483e-01 -3.376515e-04 -2.991926e-01 3.516017e-02 -1.960766e-05 9.993816e-01 3.098065e+01
9.992553e-01 -1.046352e-02 -3.714048e-02 -6.216652e-01 1.049794e-02 9.999445e-01 7.317081e-04 -2.952222e-01 3.713077e-02 -1.121063e-03 9.993097e-01 3.171148e+01
9.991822e-01 -1.047755e-02 -3.905384e-02 -6.484447e-01 1.061623e-02 9.999380e-01 3.345313e-03 -2.963011e-01 3.901638e-02 -3.757183e-03 9.992314e-01 3.243400e+01
9.991119e-01 -9.643288e-03 -4.101684e-02 -6.831227e-01 9.842302e-03 9.999407e-01 4.652855e-03 -3.023321e-01 4.096955e-02 -5.052424e-03 9.991476e-01 3.321792e+01
9.990457e-01 -8.238404e-03 -4.289390e-02 -7.196393e-01 8.456360e-03 9.999521e-01 4.902321e-03 -3.091760e-01 4.285147e-02 -5.260370e-03 9.990675e-01 3.391976e+01
9.989828e-01 -5.548355e-03 -4.474987e-02 -7.616109e-01 5.733811e-03 9.999754e-01 4.016998e-03 -3.125799e-01 4.472649e-02 -4.269500e-03 9.989901e-01 3.467937e+01
9.989108e-01 -4.078485e-03 -4.648289e-02 -7.999914e-01 4.232310e-03 9.999858e-01 3.211363e-03 -3.129177e-01 4.646914e-02 -3.404596e-03 9.989139e-01 3.536081e+01
9.988423e-01 -3.629368e-03 -4.796853e-02 -8.357782e-01 3.854125e-03 9.999819e-01 4.593858e-03 -3.055900e-01 4.795100e-02 -4.773417e-03 9.988382e-01 3.603617e+01
9.987949e-01 -2.281084e-03 -4.902671e-02 -8.741644e-01 2.589918e-03 9.999771e-01 6.236706e-03 -2.966848e-01 4.901137e-02 -6.356166e-03 9.987779e-01 3.676862e+01
9.988012e-01 6.511582e-04 -4.894707e-02 -9.131915e-01 -3.131909e-04 9.999760e-01 6.912113e-03 -2.952649e-01 4.895040e-02 -6.888498e-03 9.987774e-01 3.742241e+01
9.988441e-01 3.712490e-03 -4.792495e-02 -9.500535e-01 -3.479836e-03 9.999817e-01 4.937074e-03 -2.882823e-01 4.794241e-02 -4.764597e-03 9.988387e-01 3.806090e+01
9.989252e-01 5.357786e-03 -4.604117e-02 -9.824415e-01 -5.296045e-03 9.999848e-01 1.462886e-03 -2.772045e-01 4.604832e-02 -1.217478e-03 9.989384e-01 3.874667e+01
9.990174e-01 5.708495e-03 -4.395014e-02 -1.009734e+00 -5.734864e-03 9.999834e-01 -4.739037e-04 -2.722419e-01 4.394671e-02 7.254851e-04 9.990335e-01 3.936542e+01
9.991364e-01 6.792875e-03 -4.099198e-02 -1.038030e+00 -6.784169e-03 9.999768e-01 3.515133e-04 -2.681142e-01 4.099343e-02 -7.311429e-05 9.991593e-01 3.998428e+01
9.992312e-01 1.201022e-02 -3.732117e-02 -1.071100e+00 -1.188164e-02 9.999226e-01 3.665346e-03 -2.698078e-01 3.736231e-02 -3.219093e-03 9.992965e-01 4.065581e+01
9.993027e-01 1.639777e-02 -3.354401e-02 -1.099329e+00 -1.615885e-02 9.998421e-01 7.381232e-03 -2.698658e-01 3.365976e-02 -6.834054e-03 9.994099e-01 4.125425e+01
9.993435e-01 2.118525e-02 -2.939126e-02 -1.123639e+00 -2.095204e-02 9.997466e-01 8.219849e-03 -2.684320e-01 2.955795e-02 -7.598647e-03 9.995341e-01 4.183516e+01
9.994047e-01 2.511829e-02 -2.365220e-02 -1.145225e+00 -2.492560e-02 9.996539e-01 8.407029e-03 -2.646376e-01 2.385518e-02 -7.812481e-03 9.996848e-01 4.245615e+01
9.994259e-01 2.866735e-02 -1.805646e-02 -1.160730e+00 -2.848373e-02 9.995406e-01 1.034598e-02 -2.617065e-01 1.834476e-02 -9.825727e-03 9.997834e-01 4.300469e+01
9.993693e-01 3.358142e-02 -1.154467e-02 -1.174151e+00 -3.344463e-02 9.993703e-01 1.184458e-02 -2.607107e-01 1.193516e-02 -1.145100e-02 9.998631e-01 4.353557e+01
9.993047e-01 3.707316e-02 -3.956757e-03 -1.181921e+00 -3.702688e-02 9.992515e-01 1.119120e-02 -2.610480e-01 4.368691e-03 -1.103692e-02 9.999295e-01 4.409519e+01
9.991772e-01 4.043670e-02 3.120647e-03 -1.183752e+00 -4.047030e-02 9.991135e-01 1.158192e-02 -2.609705e-01 -2.649545e-03 -1.169868e-02 9.999280e-01 4.458539e+01
9.989443e-01 4.473842e-02 1.042947e-02 -1.184153e+00 -4.485492e-02 9.989304e-01 1.121778e-02 -2.553969e-01 -9.916453e-03 -1.167376e-02 9.998826e-01 4.505451e+01
9.986095e-01 4.932013e-02 1.861841e-02 -1.180995e+00 -4.947707e-02 9.987426e-01 8.064546e-03 -2.499955e-01 -1.819726e-02 -8.974518e-03 9.997941e-01 4.554556e+01
9.983515e-01 5.101231e-02 2.630773e-02 -1.173356e+00 -5.115540e-02 9.986791e-01 4.794547e-03 -2.520858e-01 -2.602840e-02 -6.132427e-03 9.996423e-01 4.597026e+01
9.980705e-01 5.145334e-02 3.475450e-02 -1.158141e+00 -5.166556e-02 9.986506e-01 5.235184e-03 -2.534455e-01 -3.443824e-02 -7.020694e-03 9.993821e-01 4.641698e+01
9.978046e-01 5.097124e-02 4.228506e-02 -1.138346e+00 -5.129217e-02 9.986622e-01 6.539216e-03 -2.549477e-01 -4.189519e-02 -8.693753e-03 9.990841e-01 4.680044e+01
9.973561e-01 5.262296e-02 5.011734e-02 -1.118182e+00 -5.305827e-02 9.985640e-01 7.394306e-03 -2.546909e-01 -4.965626e-02 -1.003390e-02 9.987159e-01 4.716109e+01
9.966497e-01 5.613980e-02 5.947899e-02 -1.097528e+00 -5.667350e-02 9.983658e-01 7.322797e-03 -2.543014e-01 -5.897070e-02 -1.066915e-02 9.982026e-01 4.753174e+01
9.958346e-01 6.078083e-02 6.796384e-02 -1.079410e+00 -6.138610e-02 9.980905e-01 6.851046e-03 -2.560113e-01 -6.741766e-02 -1.099454e-02 9.976642e-01 4.784364e+01
9.949744e-01 6.435289e-02 7.671197e-02 -1.057230e+00 -6.507817e-02 9.978556e-01 6.989995e-03 -2.597337e-01 -7.609765e-02 -1.194714e-02 9.970287e-01 4.813226e+01
9.941971e-01 6.374111e-02 8.665537e-02 -1.025413e+00 -6.461410e-02 9.978835e-01 7.304075e-03 -2.691699e-01 -8.600641e-02 -1.286085e-02 9.962115e-01 4.842374e+01
9.933075e-01 6.272034e-02 9.698684e-02 -9.934216e-01 -6.354106e-02 9.979646e-01 5.393756e-03 -2.764510e-01 -9.645115e-02 -1.152031e-02 9.952710e-01 4.868013e+01
9.922035e-01 6.140249e-02 1.084530e-01 -9.586832e-01 -6.185635e-02 9.980846e-01 8.224076e-04 -2.831243e-01 -1.081948e-01 -7.524501e-03 9.941012e-01 4.892988e+01
9.904970e-01 6.243607e-02 1.225457e-01 -9.170681e-01 -6.245717e-02 9.980408e-01 -3.673045e-03 -2.893683e-01 -1.225349e-01 -4.015717e-03 9.924560e-01 4.920279e+01
9.884062e-01 6.419066e-02 1.375967e-01 -8.776111e-01 -6.403566e-02 9.979321e-01 -5.557438e-03 -2.962982e-01 -1.376689e-01 -3.318092e-03 9.904727e-01 4.944848e+01
9.857141e-01 6.617238e-02 1.548836e-01 -8.284256e-01 -6.591038e-02 9.978021e-01 -6.831961e-03 -3.019087e-01 -1.549953e-01 -3.474079e-03 9.879090e-01 4.971610e+01
9.829823e-01 6.655062e-02 1.712216e-01 -7.772383e-01 -6.614586e-02 9.977772e-01 -8.074309e-03 -3.074180e-01 -1.713783e-01 -3.388695e-03 9.851994e-01 4.995441e+01
9.798302e-01 6.583121e-02 1.886772e-01 -7.191141e-01 -6.526494e-02 9.978253e-01 -9.219431e-03 -3.123763e-01 -1.888739e-01 -3.280532e-03 9.819958e-01 5.018924e+01
9.757076e-01 6.487608e-02 2.092504e-01 -6.495172e-01 -6.427844e-02 9.978851e-01 -9.662685e-03 -3.180455e-01 -2.094348e-01 -4.022337e-03 9.778143e-01 5.044387e+01
9.712753e-01 6.535375e-02 2.288082e-01 -5.824179e-01 -6.456578e-02 9.978534e-01 -1.093636e-02 -3.224985e-01 -2.290318e-01 -4.150960e-03 9.734100e-01 5.067404e+01
9.660893e-01 6.737971e-02 2.492620e-01 -5.115247e-01 -6.615836e-02 9.977206e-01 -1.328422e-02 -3.271984e-01 -2.495889e-01 -3.657021e-03 9.683449e-01 5.090341e+01
9.594332e-01 6.875095e-02 2.734251e-01 -4.247086e-01 -6.705608e-02 9.976279e-01 -1.555104e-02 -3.337163e-01 -2.738457e-01 -3.414634e-03 9.617675e-01 5.115547e+01
9.522944e-01 6.994277e-02 2.970580e-01 -3.376460e-01 -6.810209e-02 9.975409e-01 -1.655418e-02 -3.409938e-01 -2.974854e-01 -4.465819e-03 9.547159e-01 5.138521e+01
9.439810e-01 7.273862e-02 3.218836e-01 -2.454688e-01 -7.089934e-02 9.973308e-01 -1.744991e-02 -3.491942e-01 -3.222937e-01 -6.348954e-03 9.466184e-01 5.161509e+01
9.334036e-01 7.520518e-02 3.508588e-01 -1.347485e-01 -7.329696e-02 9.971341e-01 -1.873691e-02 -3.592553e-01 -3.512625e-01 -8.227788e-03 9.362408e-01 5.186699e+01
9.224970e-01 7.584280e-02 3.784802e-01 -2.215833e-02 -7.375454e-02 9.970751e-01 -2.003443e-02 -3.694705e-01 -3.788927e-01 -9.432928e-03 9.253925e-01 5.209136e+01
9.102197e-01 7.402860e-02 4.074554e-01 1.047617e-01 -7.123635e-02 9.972158e-01 -2.204356e-02 -3.788301e-01 -4.079528e-01 -8.961157e-03 9.129590e-01 5.231089e+01
8.943193e-01 7.129275e-02 4.417130e-01 2.572868e-01 -6.710725e-02 9.974295e-01 -2.511629e-02 -3.883648e-01 -4.423682e-01 -7.180165e-03 8.968047e-01 5.254838e+01
8.774851e-01 7.097559e-02 4.743230e-01 4.054570e-01 -6.476442e-02 9.974660e-01 -2.944392e-02 -3.970650e-01 -4.752110e-01 -4.882653e-03 8.798583e-01 5.276191e+01
8.566174e-01 7.301683e-02 5.107595e-01 5.791658e-01 -6.412873e-02 9.973268e-01 -3.502209e-02 -4.068311e-01 -5.119514e-01 -2.753831e-03 8.590100e-01 5.299716e+01
8.353208e-01 7.515531e-02 5.446015e-01 7.516460e-01 -6.401179e-02 9.971699e-01 -3.942742e-02 -4.169955e-01 -5.460235e-01 -1.926375e-03 8.377676e-01 5.321190e+01
8.114729e-01 7.811974e-02 5.791450e-01 9.381303e-01 -6.515199e-02 9.969403e-01 -4.318718e-02 -4.285172e-01 -5.807469e-01 -2.687228e-03 8.140797e-01 5.342888e+01
7.821490e-01 8.252174e-02 6.176027e-01 1.161269e+00 -6.853421e-02 9.965707e-01 -4.636443e-02 -4.444297e-01 -6.193110e-01 -6.063026e-03 7.851223e-01 5.367181e+01
7.530663e-01 8.675744e-02 6.521996e-01 1.382718e+00 -7.204192e-02 9.961808e-01 -4.933117e-02 -4.602312e-01 -6.539887e-01 -9.836068e-03 7.564404e-01 5.389395e+01
7.211353e-01 8.785601e-02 6.872009e-01 1.629294e+00 -7.165159e-02 9.960652e-01 -5.215333e-02 -4.773365e-01 -6.890790e-01 -1.162943e-02 7.245928e-01 5.411047e+01
6.823738e-01 8.540202e-02 7.259976e-01 1.936957e+00 -6.830077e-02 9.962561e-01 -5.299692e-02 -4.904171e-01 -7.278057e-01 -1.342249e-02 6.856520e-01 5.434469e+01
6.447939e-01 8.407866e-02 7.597181e-01 2.248738e+00 -6.543657e-02 9.963546e-01 -5.472959e-02 -4.900434e-01 -7.615503e-01 -1.442404e-02 6.479452e-01 5.455048e+01
5.996908e-01 8.373471e-02 7.958388e-01 2.609897e+00 -6.331162e-02 9.963575e-01 -5.712503e-02 -4.948414e-01 -7.977234e-01 -1.612850e-02 6.028078e-01 5.476924e+01
5.553239e-01 8.357292e-02 8.274242e-01 2.963344e+00 -5.977761e-02 9.963755e-01 -6.051801e-02 -4.907122e-01 -8.294830e-01 -1.585434e-02 5.583069e-01 5.495677e+01
5.090488e-01 8.249520e-02 8.567752e-01 3.334924e+00 -5.727309e-02 9.964368e-01 -6.191409e-02 -4.967090e-01 -8.588301e-01 -1.755287e-02 5.119597e-01 5.513325e+01
4.573727e-01 8.026284e-02 8.856455e-01 3.768890e+00 -5.537336e-02 9.965563e-01 -6.171789e-02 -5.026593e-01 -8.875495e-01 -2.081310e-02 4.602421e-01 5.531411e+01
4.093718e-01 7.838529e-02 9.089941e-01 4.183649e+00 -5.546628e-02 9.965978e-01 -6.095999e-02 -5.261522e-01 -9.106801e-01 -2.546322e-02 4.123268e-01 5.545334e+01
3.609233e-01 7.810047e-02 9.293194e-01 4.614021e+00 -5.860342e-02 9.964171e-01 -6.097935e-02 -5.478339e-01 -9.307524e-01 -3.245243e-02 3.642071e-01 5.558278e+01
3.086071e-01 7.869687e-02 9.479285e-01 5.106458e+00 -5.537826e-02 9.963676e-01 -6.468936e-02 -5.739810e-01 -9.495762e-01 -3.253103e-02 3.118442e-01 5.569598e+01
2.633722e-01 7.451902e-02 9.618118e-01 5.573124e+00 -4.511495e-02 9.968725e-01 -6.488165e-02 -6.033109e-01 -9.636388e-01 -2.630407e-02 2.659104e-01 5.577172e+01
2.211939e-01 6.922560e-02 9.727697e-01 6.059663e+00 -3.177130e-02 9.974594e-01 -6.375826e-02 -6.325134e-01 -9.747122e-01 -1.680322e-02 2.228313e-01 5.582201e+01
1.765318e-01 6.760324e-02 9.819706e-01 6.604673e+00 -2.276874e-02 9.976520e-01 -6.458961e-02 -6.593536e-01 -9.840316e-01 -1.095611e-02 1.776565e-01 5.587235e+01
1.394757e-01 7.035586e-02 9.877229e-01 7.110861e+00 -1.884615e-02 9.974806e-01 -6.838965e-02 -6.870049e-01 -9.900462e-01 -9.076078e-03 1.404502e-01 5.590638e+01
1.082032e-01 7.013793e-02 9.916515e-01 7.629781e+00 -1.015441e-02 9.975340e-01 -6.944599e-02 -7.270749e-01 -9.940770e-01 -2.555360e-03 1.086486e-01 5.592145e+01
7.747398e-02 6.817573e-02 9.946606e-01 8.218753e+00 -3.078755e-03 9.976708e-01 -6.814224e-02 -7.787187e-01 -9.969896e-01 2.216934e-03 7.750342e-02 5.594082e+01
5.357307e-02 6.602558e-02 9.963787e-01 8.766350e+00 3.510138e-03 9.977929e-01 -6.630803e-02 -8.164688e-01 -9.985578e-01 7.049750e-03 5.322307e-02 5.594614e+01
3.462270e-02 6.616648e-02 9.972077e-01 9.321728e+00 8.783062e-03 9.977472e-01 -6.650722e-02 -8.575675e-01 -9.993619e-01 1.106120e-02 3.396356e-02 5.595157e+01
1.812468e-02 6.795010e-02 9.975240e-01 9.944554e+00 1.206838e-02 9.976003e-01 -6.817456e-02 -9.043379e-01 -9.997629e-01 1.327414e-02 1.726113e-02 5.595057e+01
5.194694e-03 6.749101e-02 9.977063e-01 1.052529e+01 1.262551e-02 9.976358e-01 -6.755197e-02 -9.468905e-01 -9.999068e-01 1.294746e-02 4.330304e-03 5.594865e+01
-6.150468e-03 6.810058e-02 9.976594e-01 1.111626e+01 1.293715e-02 9.976002e-01 -6.801677e-02 -9.942334e-01 -9.998974e-01 1.248854e-02 -7.016737e-03 5.594818e+01
-1.460228e-02 7.146595e-02 9.973361e-01 1.171390e+01 1.757865e-02 9.973066e-01 -7.120645e-02 -1.049994e+00 -9.997389e-01 1.649204e-02 -1.581923e-02 5.593354e+01
-2.140465e-02 7.345575e-02 9.970687e-01 1.238080e+01 2.237208e-02 9.970826e-01 -7.297649e-02 -1.114471e+00 -9.995206e-01 2.074447e-02 -2.298556e-02 5.589831e+01
-2.597549e-02 7.258906e-02 9.970236e-01 1.300153e+01 2.259929e-02 9.971478e-01 -7.200932e-02 -1.162879e+00 -9.994071e-01 2.066155e-02 -2.754186e-02 5.587265e+01
-2.991266e-02 6.980397e-02 9.971121e-01 1.369235e+01 2.008122e-02 9.973991e-01 -6.922163e-02 -1.214228e+00 -9.993508e-01 1.795263e-02 -3.123661e-02 5.585186e+01
-3.235881e-02 6.247026e-02 9.975221e-01 1.433936e+01 1.797716e-02 9.979196e-01 -6.191198e-02 -1.263884e+00 -9.993146e-01 1.592921e-02 -3.341453e-02 5.582758e+01
-3.364775e-02 5.677811e-02 9.978196e-01 1.499802e+01 1.931519e-02 9.982354e-01 -5.615043e-02 -1.309153e+00 -9.992471e-01 1.738374e-02 -3.468506e-02 5.579194e+01
-3.411916e-02 5.456041e-02 9.979273e-01 1.566157e+01 2.184511e-02 9.983108e-01 -5.383449e-02 -1.355145e+00 -9.991790e-01 1.996304e-02 -3.525341e-02 5.575080e+01
-3.378483e-02 5.726559e-02 9.977871e-01 1.639659e+01 2.515074e-02 9.980896e-01 -5.643135e-02 -1.408070e+00 -9.991126e-01 2.318856e-02 -3.516056e-02 5.571024e+01
-3.315823e-02 6.509254e-02 9.973281e-01 1.706948e+01 2.634595e-02 9.975870e-01 -6.423350e-02 -1.450806e+00 -9.991028e-01 2.414569e-02 -3.479314e-02 5.567411e+01
-3.104805e-02 7.289360e-02 9.968563e-01 1.775076e+01 2.693116e-02 9.970360e-01 -7.206794e-02 -1.488507e+00 -9.991550e-01 2.460892e-02 -3.291913e-02 5.564413e+01
-2.874111e-02 7.423741e-02 9.968263e-01 1.851639e+01 2.832068e-02 9.968984e-01 -7.342621e-02 -1.533403e+00 -9.991856e-01 2.612045e-02 -3.075442e-02 5.561352e+01
-2.676970e-02 6.941174e-02 9.972288e-01 1.922828e+01 2.724695e-02 9.972663e-01 -6.868292e-02 -1.578705e+00 -9.992702e-01 2.533282e-02 -2.858778e-02 5.558680e+01
-2.436674e-02 6.186534e-02 9.977870e-01 1.994489e+01 2.686924e-02 9.977633e-01 -6.120770e-02 -1.629952e+00 -9.993420e-01 2.531835e-02 -2.597452e-02 5.556291e+01
-2.151783e-02 6.131588e-02 9.978864e-01 2.072687e+01 2.479498e-02 9.978432e-01 -6.077855e-02 -1.680674e+00 -9.994610e-01 2.343475e-02 -2.299175e-02 5.554038e+01
-1.823046e-02 6.682238e-02 9.975983e-01 2.142905e+01 3.257040e-02 9.972742e-01 -6.620546e-02 -1.723046e+00 -9.993032e-01 3.128522e-02 -2.035720e-02 5.550926e+01
-1.484604e-02 7.216326e-02 9.972823e-01 2.213212e+01 3.482854e-02 9.968243e-01 -7.161163e-02 -1.766362e+00 -9.992830e-01 3.367074e-02 -1.731224e-02 5.548289e+01
-1.254496e-02 7.250024e-02 9.972894e-01 2.291155e+01 2.775767e-02 9.970088e-01 -7.213066e-02 -1.819347e+00 -9.995360e-01 2.677756e-02 -1.451988e-02 5.547846e+01
-9.391198e-03 7.001144e-02 9.975019e-01 2.362263e+01 2.427350e-02 9.972679e-01 -6.976648e-02 -1.873451e+00 -9.996613e-01 2.355767e-02 -1.106496e-02 5.547515e+01
-4.797495e-03 6.433636e-02 9.979167e-01 2.433684e+01 2.776961e-02 9.975519e-01 -6.417933e-02 -1.930329e+00 -9.996029e-01 2.740386e-02 -6.572347e-03 5.545895e+01
-1.308923e-03 6.703179e-02 9.977499e-01 2.511279e+01 3.289079e-02 9.972138e-01 -6.695261e-02 -1.984407e+00 -9.994581e-01 3.272915e-02 -3.510006e-03 5.543751e+01
1.728412e-03 7.094642e-02 9.974786e-01 2.582053e+01 3.237525e-02 9.969532e-01 -7.096514e-02 -2.033033e+00 -9.994743e-01 3.241628e-02 -5.737630e-04 5.543597e+01
5.089181e-03 7.236847e-02 9.973649e-01 2.653184e+01 2.891689e-02 9.969501e-01 -7.248591e-02 -2.084558e+00 -9.995689e-01 2.920959e-02 2.980988e-03 5.544662e+01
9.166403e-03 7.096734e-02 9.974365e-01 2.731663e+01 2.796603e-02 9.970700e-01 -7.119826e-02 -2.140798e+00 -9.995669e-01 2.854697e-02 7.154870e-03 5.546482e+01
1.295755e-02 6.835924e-02 9.975766e-01 2.803177e+01 3.222348e-02 9.971136e-01 -6.874605e-02 -2.196632e+00 -9.993967e-01 3.303617e-02 1.071737e-02 5.547275e+01
1.684870e-02 6.806759e-02 9.975384e-01 2.874098e+01 3.672317e-02 9.969647e-01 -6.864871e-02 -2.255785e+00 -9.991834e-01 3.778941e-02 1.429790e-02 5.548508e+01
2.066765e-02 6.916052e-02 9.973914e-01 2.952149e+01 3.964316e-02 9.967632e-01 -6.993843e-02 -2.313064e+00 -9.990002e-01 4.098521e-02 1.785901e-02 5.549819e+01
2.331535e-02 6.945268e-02 9.973127e-01 3.023148e+01 3.977742e-02 9.967295e-01 -7.034198e-02 -2.361717e+00 -9.989365e-01 4.131058e-02 2.047645e-02 5.551190e+01
2.673223e-02 6.835571e-02 9.973027e-01 3.094560e+01 4.139568e-02 9.967278e-01 -6.942589e-02 -2.408633e+00 -9.987852e-01 4.313994e-02 2.381512e-02 5.552406e+01
3.065000e-02 6.660088e-02 9.973088e-01 3.173305e+01 4.289086e-02 9.967708e-01 -6.788310e-02 -2.461186e+00 -9.986095e-01 4.485605e-02 2.769446e-02 5.553871e+01
3.341455e-02 6.775001e-02 9.971426e-01 3.244821e+01 4.186930e-02 9.967289e-01 -6.912495e-02 -2.500016e+00 -9.985642e-01 4.405945e-02 3.046860e-02 5.556101e+01
3.637512e-02 6.915843e-02 9.969422e-01 3.316466e+01 3.895795e-02 9.967460e-01 -7.056626e-02 -2.538113e+00 -9.985786e-01 4.140568e-02 3.356248e-02 5.558928e+01
3.942987e-02 6.925703e-02 9.968193e-01 3.395523e+01 4.084262e-02 9.966496e-01 -7.086079e-02 -2.581950e+00 -9.983873e-01 4.350675e-02 3.646913e-02 5.561764e+01
4.211478e-02 6.883027e-02 9.967390e-01 3.467735e+01 3.824120e-02 9.967820e-01 -7.044902e-02 -2.626283e+00 -9.983807e-01 4.108344e-02 3.934710e-02 5.565022e+01
4.493640e-02 6.962998e-02 9.965602e-01 3.561676e+01 3.621907e-02 9.967985e-01 -7.127979e-02 -2.681688e+00 -9.983331e-01 3.929754e-02 4.227060e-02 5.569704e+01
4.735129e-02 6.929441e-02 9.964718e-01 3.619930e+01 3.329857e-02 9.969268e-01 -7.090836e-02 -2.718863e+00 -9.983231e-01 3.653869e-02 4.489836e-02 5.572748e+01
5.059460e-02 7.128013e-02 9.961723e-01 3.692631e+01 3.213678e-02 9.968170e-01 -7.295845e-02 -2.766816e+00 -9.982021e-01 3.570507e-02 4.814285e-02 5.576493e+01
5.400565e-02 7.569718e-02 9.956672e-01 3.772835e+01 3.112372e-02 9.965103e-01 -7.744943e-02 -2.824192e+00 -9.980555e-01 3.517158e-02 5.146120e-02 5.580747e+01
5.726157e-02 7.705878e-02 9.953808e-01 3.846381e+01 3.071705e-02 9.964087e-01 -7.890541e-02 -2.876500e+00 -9.978866e-01 3.509341e-02 5.468891e-02 5.584841e+01
6.021985e-02 7.979770e-02 9.949903e-01 3.920325e+01 2.515527e-02 9.963615e-01 -8.143013e-02 -2.924030e+00 -9.978681e-01 2.993296e-02 5.799340e-02 5.589959e+01
6.302111e-02 7.854223e-02 9.949167e-01 4.002391e+01 2.119456e-02 9.965682e-01 -8.001513e-02 -2.976980e+00 -9.977871e-01 2.612946e-02 6.114016e-02 5.595847e+01
6.655440e-02 7.902960e-02 9.946480e-01 4.077211e+01 2.326885e-02 9.964642e-01 -8.073087e-02 -3.030334e+00 -9.975115e-01 2.851731e-02 6.448015e-02 5.600559e+01
7.048833e-02 7.995466e-02 9.943030e-01 4.152455e+01 2.281156e-02 9.963925e-01 -8.173983e-02 -3.082383e+00 -9.972518e-01 2.844330e-02 6.841016e-02 5.605687e+01
7.421396e-02 8.095969e-02 9.939505e-01 4.235903e+01 1.817911e-02 9.964236e-01 -8.251847e-02 -3.137342e+00 -9.970766e-01 2.419316e-02 7.247677e-02 5.612479e+01
7.821943e-02 7.991064e-02 9.937283e-01 4.312234e+01 1.784243e-02 9.965104e-01 -8.153879e-02 -3.189692e+00 -9.967765e-01 2.410844e-02 7.652067e-02 5.618497e+01
8.298660e-02 7.802444e-02 9.934915e-01 4.389056e+01 1.787114e-02 9.966534e-01 -7.976553e-02 -3.238433e+00 -9.963904e-01 2.437430e-02 8.131449e-02 5.624787e+01
8.825450e-02 8.326979e-02 9.926113e-01 4.473133e+01 1.424337e-02 9.962923e-01 -8.484497e-02 -3.296932e+00 -9.959961e-01 2.162608e-02 8.674123e-02 5.632889e+01
9.412375e-02 9.225643e-02 9.912766e-01 4.549621e+01 1.272171e-02 9.955042e-01 -9.385783e-02 -3.344076e+00 -9.954792e-01 2.144498e-02 9.252693e-02 5.640571e+01
1.013239e-01 9.650209e-02 9.901620e-01 4.626809e+01 1.106261e-02 9.951133e-01 -9.811669e-02 -3.398988e+00 -9.947920e-01 2.089534e-02 9.976119e-02 5.648742e+01
1.088552e-01 9.896345e-02 9.891191e-01 4.712185e+01 6.851009e-03 9.949337e-01 -1.002992e-01 -3.464797e+00 -9.940340e-01 1.769455e-02 1.076257e-01 5.658993e+01
1.157010e-01 9.678623e-02 9.885573e-01 4.790451e+01 2.988685e-03 9.952028e-01 -9.778665e-02 -3.529899e+00 -9.932796e-01 1.426850e-02 1.148567e-01 5.669043e+01
1.231061e-01 9.501591e-02 9.878344e-01 4.868920e+01 2.724723e-03 9.953698e-01 -9.608026e-02 -3.596152e+00 -9.923898e-01 1.451965e-02 1.222772e-01 5.679219e+01
1.307867e-01 9.177604e-02 9.871534e-01 4.955562e+01 2.535232e-03 9.956718e-01 -9.290388e-02 -3.664294e+00 -9.914073e-01 1.465325e-02 1.299879e-01 5.690974e+01
1.380197e-01 8.587815e-02 9.866992e-01 5.034529e+01 3.563214e-04 9.962293e-01 -8.675744e-02 -3.726154e+00 -9.904294e-01 1.232582e-02 1.374687e-01 5.702550e+01
1.449251e-01 7.923822e-02 9.862646e-01 5.113113e+01 -1.767053e-03 9.968072e-01 -7.982556e-02 -3.780171e+00 -9.894411e-01 9.825946e-03 1.446024e-01 5.714875e+01
1.529210e-01 7.549619e-02 9.853504e-01 5.198815e+01 -2.318925e-03 9.971022e-01 -7.603671e-02 -3.843848e+00 -9.882357e-01 9.342660e-03 1.526530e-01 5.728424e+01
1.598467e-01 7.843055e-02 9.840211e-01 5.275604e+01 -2.094102e-03 9.968633e-01 -7.911394e-02 -3.896900e+00 -9.871396e-01 1.058547e-02 1.595096e-01 5.740936e+01
1.653764e-01 8.409578e-02 9.826385e-01 5.351466e+01 -1.902284e-03 9.963832e-01 -8.495191e-02 -3.948548e+00 -9.862287e-01 1.217979e-02 1.649383e-01 5.753987e+01
1.708348e-01 8.887999e-02 9.812827e-01 5.434298e+01 -2.899794e-03 9.959641e-01 -8.970492e-02 -4.010214e+00 -9.852954e-01 1.247921e-02 1.704031e-01 5.768675e+01
1.754359e-01 9.116530e-02 9.802607e-01 5.508835e+01 -4.979698e-03 9.957726e-01 -9.171671e-02 -4.068911e+00 -9.844783e-01 1.120900e-02 1.751482e-01 5.782318e+01
1.806575e-01 9.080708e-02 9.793451e-01 5.582984e+01 -6.995169e-03 9.958222e-01 -9.104448e-02 -4.126649e+00 -9.835212e-01 9.597185e-03 1.805380e-01 5.796102e+01
1.863011e-01 8.722717e-02 9.786129e-01 5.664080e+01 -3.160564e-03 9.960991e-01 -8.818408e-02 -4.185704e+00 -9.824876e-01 1.333582e-02 1.858500e-01 5.810869e+01
1.907109e-01 8.142413e-02 9.782634e-01 5.737079e+01 -2.140203e-03 9.965860e-01 -8.253194e-02 -4.239748e+00 -9.816439e-01 1.364606e-02 1.902341e-01 5.824842e+01
1.936106e-01 7.400752e-02 9.782830e-01 5.809536e+01 -4.454099e-03 9.972067e-01 -7.455759e-02 -4.287751e+00 -9.810684e-01 1.007777e-02 1.933994e-01 5.839497e+01
1.969004e-01 7.121883e-02 9.778333e-01 5.887727e+01 -7.797600e-03 9.974403e-01 -7.107671e-02 -4.341038e+00 -9.803925e-01 6.370281e-03 1.969518e-01 5.855793e+01
2.000027e-01 7.158331e-02 9.771769e-01 5.957800e+01 -9.400746e-03 9.974218e-01 -7.114226e-02 -4.385194e+00 -9.797503e-01 5.042451e-03 2.001600e-01 5.870231e+01
2.022057e-01 7.413230e-02 9.765332e-01 6.033539e+01 -1.166522e-02 9.972424e-01 -7.328895e-02 -4.435808e+00 -9.792736e-01 3.427966e-03 2.025129e-01 5.886238e+01
2.034407e-01 7.811435e-02 9.759661e-01 6.101188e+01 -1.574795e-02 9.969443e-01 -7.651072e-02 -4.481229e+00 -9.789606e-01 1.959241e-04 2.040491e-01 5.901236e+01
2.053354e-01 8.239869e-02 9.752168e-01 6.167817e+01 -1.722840e-02 9.965993e-01 -8.057785e-02 -4.528755e+00 -9.785400e-01 -2.559405e-04 2.060567e-01 5.915851e+01
2.074524e-01 8.775949e-02 9.743006e-01 6.239946e+01 -1.778094e-02 9.961415e-01 -8.594079e-02 -4.573445e+00 -9.780835e-01 5.046362e-04 2.082124e-01 5.931691e+01
2.089851e-01 8.951395e-02 9.738133e-01 6.304985e+01 -1.736225e-02 9.959844e-01 -8.782591e-02 -4.619522e+00 -9.777647e-01 1.446713e-03 2.097001e-01 5.945953e+01
2.100945e-01 8.929608e-02 9.735946e-01 6.369404e+01 -1.958974e-02 9.960048e-01 -8.712416e-02 -4.669002e+00 -9.774848e-01 -7.681565e-04 2.110044e-01 5.960344e+01
2.107890e-01 8.635600e-02 9.737097e-01 6.439520e+01 -1.961584e-02 9.962633e-01 -8.410978e-02 -4.727285e+00 -9.773348e-01 -1.370717e-03 2.116953e-01 5.975612e+01
2.112375e-01 8.363894e-02 9.738496e-01 6.502320e+01 -1.960470e-02 9.964942e-01 -8.133130e-02 -4.777493e+00 -9.772382e-01 -1.911808e-03 2.121366e-01 5.989328e+01
2.110666e-01 8.267846e-02 9.739687e-01 6.564147e+01 -1.887577e-02 9.965752e-01 -8.050695e-02 -4.820349e+00 -9.772894e-01 -1.392081e-03 2.119043e-01 6.002218e+01
2.094198e-01 8.196585e-02 9.743843e-01 6.631014e+01 -1.884712e-02 9.966337e-01 -7.978675e-02 -4.874592e+00 -9.776442e-01 -1.655411e-03 2.102597e-01 6.016316e+01
2.077472e-01 8.260482e-02 9.746884e-01 6.690780e+01 -2.007991e-02 9.965780e-01 -8.018008e-02 -4.924517e+00 -9.779764e-01 -2.914464e-03 2.086950e-01 6.028917e+01
2.052523e-01 8.616377e-02 9.749088e-01 6.755272e+01 -2.106602e-02 9.962752e-01 -8.361703e-02 -4.983860e+00 -9.784824e-01 -3.374860e-03 2.063029e-01 6.042786e+01
2.030255e-01 8.954563e-02 9.750703e-01 6.812598e+01 -1.932624e-02 9.959820e-01 -8.744201e-02 -5.036365e+00 -9.789827e-01 -1.091477e-03 2.039404e-01 6.054974e+01
2.013997e-01 8.997943e-02 9.753675e-01 6.869761e+01 -1.702610e-02 9.959428e-01 -8.836188e-02 -5.084347e+00 -9.793612e-01 1.189346e-03 2.021145e-01 6.066652e+01
1.990159e-01 8.886017e-02 9.759592e-01 6.931923e+01 -1.781965e-02 9.960440e-01 -8.705511e-02 -5.137056e+00 -9.798343e-01 -6.590716e-05 1.998120e-01 6.080089e+01
1.964961e-01 8.616128e-02 9.767115e-01 6.987734e+01 -1.809148e-02 9.962805e-01 -8.424789e-02 -5.188184e+00 -9.803377e-01 -1.115774e-03 1.973241e-01 6.091293e+01
1.945248e-01 8.177645e-02 9.774828e-01 7.042837e+01 -1.790422e-02 9.966487e-01 -7.981682e-02 -5.242630e+00 -9.807342e-01 -1.974720e-03 1.953370e-01 6.102369e+01
1.925602e-01 8.085885e-02 9.779480e-01 7.101724e+01 -1.464078e-02 9.967250e-01 -7.952856e-02 -5.295395e+00 -9.811759e-01 9.961102e-04 1.931134e-01 6.113856e+01
1.908897e-01 8.279250e-02 9.781137e-01 7.154321e+01 -1.048821e-02 9.965518e-01 -8.230630e-02 -5.340664e+00 -9.815555e-01 5.452765e-03 1.910998e-01 6.123848e+01
1.885953e-01 8.447161e-02 9.784152e-01 7.206419e+01 -6.700565e-03 9.963812e-01 -8.473113e-02 -5.382660e+00 -9.820320e-01 9.423963e-03 1.884789e-01 6.133759e+01
1.868386e-01 8.711200e-02 9.785207e-01 7.263607e+01 -7.440666e-03 9.961576e-01 -8.726138e-02 -5.431870e+00 -9.823625e-01 9.022945e-03 1.867688e-01 6.144875e+01
1.856078e-01 8.933634e-02 9.785544e-01 7.315397e+01 -7.571684e-03 9.959589e-01 -8.948911e-02 -5.480272e+00 -9.825948e-01 9.200570e-03 1.855342e-01 6.154928e+01
1.844342e-01 8.749126e-02 9.789429e-01 7.367700e+01 -6.050114e-03 9.961121e-01 -8.788586e-02 -5.524755e+00 -9.828263e-01 1.028644e-02 1.842464e-01 6.164840e+01
1.854067e-01 8.561952e-02 9.789247e-01 7.425367e+01 5.973993e-04 9.961868e-01 -8.724245e-02 -5.573027e+00 -9.826617e-01 1.676015e-02 1.846486e-01 6.174696e+01
1.879085e-01 8.464385e-02 9.785324e-01 7.478080e+01 5.480679e-03 9.961737e-01 -8.722229e-02 -5.615131e+00 -9.821713e-01 2.175284e-02 1.867256e-01 6.183631e+01
1.898073e-01 8.361828e-02 9.782541e-01 7.531031e+01 7.936048e-03 9.962034e-01 -8.669233e-02 -5.660047e+00 -9.817893e-01 2.421831e-02 1.884231e-01 6.193571e+01
1.934839e-01 8.326754e-02 9.775635e-01 7.589281e+01 4.721400e-03 9.963013e-01 -8.579807e-02 -5.710654e+00 -9.810921e-01 2.121601e-02 1.923751e-01 6.205590e+01
1.988740e-01 8.373690e-02 9.764411e-01 7.642619e+01 4.187269e-03 9.962612e-01 -8.628944e-02 -5.753997e+00 -9.800161e-01 2.124935e-02 1.977798e-01 6.216615e+01
2.054389e-01 8.290057e-02 9.751524e-01 7.696428e+01 5.284977e-03 9.962973e-01 -8.581155e-02 -5.801280e+00 -9.786557e-01 2.278269e-02 2.042401e-01 6.228182e+01
2.136900e-01 8.218668e-02 9.734381e-01 7.753825e+01 4.832300e-03 9.963536e-01 -8.518220e-02 -5.849065e+00 -9.768896e-01 2.290653e-02 2.125136e-01 6.241422e+01
2.219262e-01 8.147559e-02 9.716534e-01 7.811214e+01 4.380282e-03 9.964094e-01 -8.455189e-02 -5.896848e+00 -9.750536e-01 2.302040e-02 2.207725e-01 6.254663e+01
2.306299e-01 8.073142e-02 9.696866e-01 7.866583e+01 5.433084e-04 9.965413e-01 -8.309642e-02 -5.946306e+00 -9.730414e-01 1.969136e-02 2.297884e-01 6.268305e+01
2.409645e-01 8.077814e-02 9.671664e-01 7.927885e+01 -1.076469e-03 9.965519e-01 -8.296421e-02 -5.994997e+00 -9.705334e-01 1.895030e-02 2.402205e-01 6.284269e+01
2.503296e-01 8.401419e-02 9.645085e-01 7.984144e+01 -5.397350e-03 9.963333e-01 -8.538547e-02 -6.036756e+00 -9.681457e-01 1.616872e-02 2.498651e-01 6.300135e+01
2.604187e-01 8.706016e-02 9.615625e-01 8.046970e+01 -9.338170e-03 9.961067e-01 -8.765875e-02 -6.079880e+00 -9.654506e-01 1.384875e-02 2.602178e-01 6.318432e+01
2.708813e-01 8.898982e-02 9.584905e-01 8.104948e+01 -1.340778e-02 9.959698e-01 -8.868033e-02 -6.123890e+00 -9.625194e-01 1.117061e-02 2.709828e-01 6.335713e+01
2.808536e-01 9.089236e-02 9.554369e-01 8.163697e+01 -1.520232e-02 9.958018e-01 -9.026356e-02 -6.168258e+00 -9.596302e-01 1.082598e-02 2.810563e-01 6.353574e+01
2.904364e-01 9.159395e-02 9.525005e-01 8.223380e+01 -1.771867e-02 9.957523e-01 -9.035034e-02 -6.205472e+00 -9.567302e-01 9.363988e-03 2.908257e-01 6.373064e+01
3.014322e-01 9.261127e-02 9.489793e-01 8.290336e+01 -1.935703e-02 9.956610e-01 -9.101842e-02 -6.253538e+00 -9.532911e-01 9.066463e-03 3.019169e-01 6.395227e+01
3.134166e-01 9.243193e-02 9.451065e-01 8.364971e+01 -2.259449e-02 9.956956e-01 -8.988677e-02 -6.302790e+00 -9.493469e-01 6.817816e-03 3.141560e-01 6.420945e+01
3.216310e-01 8.845057e-02 9.427247e-01 8.415828e+01 -2.249563e-02 9.960600e-01 -8.577985e-02 -6.336169e+00 -9.465978e-01 6.382274e-03 3.223535e-01 6.438905e+01
3.332278e-01 8.014142e-02 9.394341e-01 8.486988e+01 -1.868910e-02 9.967466e-01 -7.840141e-02 -6.377831e+00 -9.426611e-01 8.568354e-03 3.336415e-01 6.464291e+01
3.438894e-01 7.606097e-02 9.359245e-01 8.552276e+01 -1.730705e-02 9.970580e-01 -7.467000e-02 -6.421644e+00 -9.388507e-01 9.480122e-03 3.441941e-01 6.488472e+01
3.536427e-01 7.324736e-02 9.325082e-01 8.618262e+01 -1.752852e-02 9.972731e-01 -7.168707e-02 -6.460848e+00 -9.352164e-01 9.006120e-03 3.539623e-01 6.514047e+01
3.633707e-01 6.886984e-02 9.290956e-01 8.693348e+01 -1.063527e-02 9.975055e-01 -6.978130e-02 -6.480246e+00 -9.315839e-01 1.547530e-02 3.631968e-01 6.543408e+01
3.730188e-01 6.436670e-02 9.255883e-01 8.768432e+01 -3.738700e-03 9.976868e-01 -6.787380e-02 -6.499603e+00 -9.278163e-01 2.185771e-02 3.723966e-01 6.572776e+01
3.791661e-01 5.568352e-02 9.236516e-01 8.831560e+01 4.158644e-03 9.980750e-01 -6.187738e-02 -6.517544e+00 -9.253193e-01 2.730294e-02 3.782046e-01 6.597972e+01
3.869371e-01 5.138913e-02 9.206730e-01 8.907970e+01 1.087230e-02 9.981221e-01 -6.028146e-02 -6.556423e+00 -9.220420e-01 3.333496e-02 3.856517e-01 6.629432e+01
3.939658e-01 5.154961e-02 9.176783e-01 8.976974e+01 1.208212e-02 9.980492e-01 -6.125129e-02 -6.595254e+00 -9.190457e-01 3.521842e-02 3.925744e-01 6.659395e+01
4.020655e-01 5.790811e-02 9.137778e-01 9.052506e+01 1.505219e-02 9.974450e-01 -6.983329e-02 -6.635384e+00 -9.154872e-01 4.183191e-02 4.001666e-01 6.692223e+01
4.090644e-01 6.228230e-02 9.103775e-01 9.120920e+01 1.908951e-02 9.968655e-01 -7.677684e-02 -6.681956e+00 -9.123059e-01 4.878533e-02 4.065932e-01 6.722974e+01
4.142271e-01 6.363970e-02 9.079459e-01 9.189271e+01 1.662887e-02 9.968568e-01 -7.745813e-02 -6.736877e+00 -9.100216e-01 4.718338e-02 4.118669e-01 6.755062e+01
4.189300e-01 6.603917e-02 9.056138e-01 9.262538e+01 8.331611e-03 9.970301e-01 -7.655957e-02 -6.783005e+00 -9.079803e-01 3.961832e-02 4.171357e-01 6.791854e+01
4.226898e-01 6.929862e-02 9.036210e-01 9.327969e+01 2.432880e-03 9.969818e-01 -7.759648e-02 -6.840557e+00 -9.062712e-01 3.499764e-02 4.212455e-01 6.824983e+01
4.268339e-01 7.251407e-02 9.014180e-01 9.392849e+01 1.529128e-03 9.967206e-01 -8.090469e-02 -6.896663e+00 -9.043288e-01 3.591124e-02 4.253232e-01 6.857159e+01
4.311655e-01 7.701386e-02 8.989800e-01 9.463173e+01 -1.669975e-03 9.964169e-01 -8.456013e-02 -6.974320e+00 -9.022713e-01 3.495814e-02 4.297492e-01 6.892718e+01
4.344943e-01 7.984173e-02 8.971287e-01 9.526568e+01 -4.893847e-03 9.962576e-01 -8.629373e-02 -7.045400e+00 -9.006613e-01 3.310372e-02 4.332590e-01 6.925132e+01
4.383510e-01 7.827551e-02 8.953889e-01 9.589477e+01 -6.111432e-03 9.964370e-01 -8.411726e-02 -7.118670e+00 -8.987831e-01 3.140078e-02 4.372676e-01 6.957422e+01
4.428441e-01 7.450636e-02 8.934975e-01 9.658199e+01 -5.014544e-03 9.967315e-01 -8.062940e-02 -7.190564e+00 -8.965846e-01 3.122577e-02 4.417703e-01 6.992098e+01
4.461315e-01 7.218173e-02 8.920518e-01 9.719336e+01 -5.458769e-03 9.969431e-01 -7.793914e-02 -7.257601e+00 -8.949508e-01 2.990160e-02 4.451617e-01 7.023832e+01
4.498571e-01 7.134310e-02 8.902464e-01 9.785202e+01 -6.851632e-03 9.970506e-01 -7.643999e-02 -7.329723e+00 -8.930743e-01 2.828743e-02 4.490191e-01 7.058263e+01
4.531456e-01 7.330290e-02 8.884175e-01 9.843802e+01 -8.391189e-03 9.969199e-01 -7.797537e-02 -7.391956e+00 -8.913970e-01 2.787932e-02 4.523650e-01 7.089511e+01
4.558503e-01 7.359750e-02 8.870084e-01 9.901921e+01 -7.454847e-03 9.968561e-01 -7.888068e-02 -7.448404e+00 -8.900253e-01 2.934527e-02 4.549658e-01 7.120053e+01
4.579131e-01 7.178802e-02 8.860937e-01 9.959482e+01 -5.488336e-03 9.969435e-01 -7.793240e-02 -7.503680e+00 -8.889800e-01 3.082309e-02 4.569075e-01 7.150154e+01
4.597729e-01 7.075733e-02 8.852131e-01 1.002158e+02 -3.471476e-03 9.969561e-01 -7.788618e-02 -7.565976e+00 -8.880298e-01 3.273696e-02 4.586191e-01 7.182857e+01
4.615144e-01 7.057437e-02 8.843210e-01 1.007725e+02 -4.862402e-03 9.970168e-01 -7.703058e-02 -7.620261e+00 -8.871194e-01 3.125080e-02 4.604808e-01 7.212838e+01
4.634277e-01 7.012933e-02 8.833553e-01 1.013189e+02 -3.664861e-03 9.970065e-01 -7.722940e-02 -7.674181e+00 -8.861272e-01 3.255287e-02 4.622975e-01 7.242496e+01
4.662337e-01 7.236690e-02 8.816967e-01 1.019064e+02 -3.937353e-03 9.968084e-01 -7.973286e-02 -7.736926e+00 -8.846529e-01 3.370260e-02 4.650306e-01 7.274759e+01
4.692340e-01 7.175665e-02 8.801536e-01 1.024275e+02 -1.684503e-03 9.967640e-01 -8.036553e-02 -7.793906e+00 -8.830723e-01 3.622762e-02 4.678364e-01 7.303431e+01
4.722291e-01 7.113035e-02 8.786012e-01 1.029486e+02 5.682733e-04 9.967140e-01 -8.099803e-02 -7.850881e+00 -8.814757e-01 3.874891e-02 4.706369e-01 7.332103e+01
4.756909e-01 6.935305e-02 8.768741e-01 1.035119e+02 3.543801e-03 9.967276e-01 -8.075485e-02 -7.904519e+00 -8.796054e-01 4.152182e-02 4.738884e-01 7.363286e+01
4.790108e-01 6.845293e-02 8.751359e-01 1.040175e+02 4.981738e-03 9.967267e-01 -8.069052e-02 -7.945155e+00 -8.777949e-01 4.301133e-02 4.771018e-01 7.391146e+01
4.820914e-01 6.808219e-02 8.734716e-01 1.045156e+02 5.903819e-03 9.967009e-01 -8.094569e-02 -7.985730e+00 -8.761010e-01 4.418004e-02 4.800990e-01 7.418850e+01
